462627
908644
861799
675305
557502
455503
301625
290226
827106
112105
664725
892600
59375
633235
969817
536101
620609
543006
914207
307450
732441
653002
57581
794930
787116
958148
38081
100802
52831
708876
112963
402184
698404
834055
820821
408680
215505
744707
408135
475018
689880
469819
216553
938015
501268
328782
182055
132840
351028
879208
502718
222486
482986
797039
51402
12175
461308
278754
973341
520365
903470
292972
310535
44897
138149
839437
396890
699382
306530
930682
154778
842957
174626
876253
825762
361886
743977
268164
887255
555216
16986
286248
758981
461847
874481
946607
880018
206670
313385
196861
624357
918664
714578
388938
274074
947744
575752
136757
105894
63037
279838
574543
967247
962087
653745
327952
561719
141414
304568
983046
502243
303444
520868
391694
494670
714111
813094
177443
123561
693157
811538
859756
681759
257443
628461
203800
759009
742423
341948
719408
425834
801068
556152
88602
204929
94698
500697
93948
931296
730443
92443
906459
590333
442922
918043
126461
93097
885478
346421
297806
858157
794005
207633
912951
822640
57118
159097
74554
530259
476876
965146
571011
55489
59347
301814
820095
968620
907955
306333
566487
632798
892129
829705
375273
460406
80292
418827
933988
200228
483423
678393
185977
646409
840449
357262
609211
99475
842168
308251
986894
108523
872105
466623
376236
147754
898268
746340
469415
762594
966677
254208
119066
136078
124849
307648
955864
133355
879129
288993
733098
819144
798598
697827
840583
501191
727180
608414
906201
435960
137007
59123
95868
581469
551680
346528
715744
947505
615540
304944
183108
668277
110801
72051
287144
673141
581349
482007
701121
368256
907092
925961
708611
608571
22462
928205
489529
18642
463071
453390
545033
254933
951349
738621
953143
254456
710071
656928
986354
164638
998250
291816
817077
116540
331095
965159
83384
203515
921375
734060
890483
790109
740077
598354
531995
613483
830392
154936
563790
972053
169235
102452
545956
473793
711628
228047
36640
221787
752235
287697
288534
980607
516747
951844
63495
255486
96012
716388
588945
656931
137414
