973968918 10
110111110100010010000101010 2
572773014 8
1545562252 8
3558D8B8 16
151707055 10
276762207 10
163153492 10
15AD545F 16
197479EF 16
A3C9458 16
37A48597 16
101000110000100000100100000001 2
1E8CC118 16
928655688 10
203251146 10
111001010010100001100011010 2
5233344577 8
2572564 16
6213677703 8
7517896 10
10011111110001011110100001 2
989461564 10
449775715 10
6BD4673 16
10101100110000101111011101010 2
7270045407 8
356757736 10
102412771 10
6461310244 8
110110111011000111010000101101 2
4C1E192 16
1110110001101101110100000001 2
1502001517 8
2E9FA00C 16
1555611271 8
43627998 10
110101011000011110111110101011 2
5345446444 8
1010101001001011100101100110 2
11101000111101101001000101000 2
39E0723A 16
5123470261 8
6321104715 8
170584043 10
920445342 10
2704007355 8
20E722FB 16
958197265 10
2DE275E7 16
913314306 10
5501011111 8
2124761C 16
3251741031 8
348883880 10
288089910 10
D943639 16
3DFB1DD 16
120352957 10
6617172356 8
15995927 16
30CECA73 16
6043620120 8
3143264314 8
5250453727 8
2344413564 8
2017130021 8
1266F029 16
88901586 10
10111010100100100000101111010 2
894012527 10
11101101100110111001110 2
3210664243 8
210029B6 16
33F30A73 16
233B4B68 16
10111100000101110111000011111 2
10011000011000010100001111001 2
7216145312 8
1317704310 8
2B724CD 16
AB844FF 16
560202040 8
38D48733 16
10001001111110000000010010111 2
66437128 10
354280665 10
19196744 16
237985017 10
754898081 10
352425519 10
135485627 10
110101111010000000010001100001 2
100011001000110001011000111011 2
480800301 10
101010010011111001110001110100 2
6761136454 8
311121116 8
5152267361 8
12F44CF1 16
915468225 10
4143632215 8
532902782 10
28329676 16
136555953 10
101100110001000110101011001010 2
100010001100000011101101000110 2
110011000010011101110010 2
4064060665 8
147265531 8
11000101100111010100100100011 2
311173130 10
3115250523 8
1010000011000110100001000101 2
272727554 8
100101011101010011101010010011 2
304AC657 16
2460541235 8
2722433531 8
101101001101011001100110111101 2
193838525 10
93837220 10
2A5705A1 16
2A70A69C 16
1BE617BE 16
93114156 10
866809556 10
38953C90 16
430371666 8
1DBDE357 16
101000001011100111100011101010 2
571706215 8
2F7A452E 16
308837733 10
3516376551 8
1100010101100111000000101000 2
110010100001110000100101000000 2
C56014D 16
1309020 16
933411556 10
196261412 10
3666752170 8
353827328 10
2CE3DC61 16
3512657354 8
11011000110110000101000100101 2
1100001101111110110010110100 2
10110100001110011100101000011 2
257079214 10
19C09163 16
255903214 10
1CE87ABB 16
10101000000111101000001011010 2
235623315 8
100100011010010000001011100101 2
518302143 10
100101011011011000001011111101 2
662342840 10
928393289 10
127255237 8
4304200313 8
1001010001000100001010010100 2
110100110001010010111101101001 2
221B9296 16
84240213 10
695552093 10
406602185 10
32215D97 16
EE88608 16
776512534 10
101011110110000010010111101001 2
805C647 16
328066742 10
153465656 8
AC1EB04 16
1014011464 8
7237773635 8
996687334 10
224A4DB2 16
5154106471 8
10111011010100100111110100011 2
13A26456 16
167599767 10
10100010110011101001111100110 2
18FA345 16
3457670075 8
451517489 10
10010010001111100010011 2
3500000766 8
863640984 10
6985E4C 16
CA04058 16
1507341215 8
316018123 10
111010010101001100000110101100 2
761015178 10
317827978 10
111001001100000110011010011010 2
2111104047 8
23BD1125 16
110111100100010010100000011 2
100111011011111101110101100 2
4563167202 8
1B8BDDF8 16
199748371 10
1011111110110010010101101110 2
539301984 10
9398FD5 16
4625414230 8
1110011001101110111110111100 2
32A1CD7C 16
1F49EEE6 16
246391B6 16
6145711534 8
923719163 10
3353522307 8
28224D9F 16
101010000000100110101110011010 2
100110110000110011110101001 2
11010010001100011111111111100 2
111000100010011110010110001010 2
2213372430 8
25CD01F5 16
1A00D0D 16
137611932 10
1FDF4CCD 16
11010001001100100001101001001 2
826797000 10
20135C2C 16
3B9616E2 16
484182726 10
900262413 10
2664432026 8
338004450 10
1001010100000100000011011 2
17F06E89 16
701424430 10
632696716 10
1011111010011101011110010111 2
4500275250 8
1511422570 8
3720766725 8
6311263406 8
2E219EE8 16
5535550437 8
443028990 10
2225551337 8
1641322637 8
7DD4F15 16
154786B7 16
32A3F75D 16
4264214543 8
1101010000101111100101011001 2
742141462 10
1111101010110111011000000000 2
24537793 16
199478095 10
101000000011110110100010011 2
537166804 10
26753457 10
785158287 10
2158EF7F 16
2651361037 8
398A45F2 16
5702466224 8
1764304376 8
11111110001100110001110010101 2
4014431617 8
7260230414 8
6177645120 8
372D94E8 16
42622401 8
1106372356 8
1896AF09 16
5160722524 8
6998511 16
731614400 8
6132343251 8
110394948 10
130996590 10
1632763636 8
100110101101001101000110110011 2
133F4309 16
1001011011101110011010111011 2
11D19106 16
1800D2F0 16
954726758 10
4077023541 8
805318912 10
110101110011010111001100110000 2
2377218E 16
3033632440 8
1010111100110010110100 2
2540600212 8
443510046 8
101111011111101111100111100010 2
1000100101001000111000010 2
100111111010100010010011010100 2
818102223 10
916C03A 16
101100100010110101101011010001 2
1010110001010111101011010010 2
24076899 16
118763B4 16
A888895 16
101111100110010110011010010000 2
1010000001111000111101011000 2
11011100111101011010000100000 2
1211662335 8
2A997A18 16
11101001111001101101111000000 2
1551622324 8
980174202 10
39CD7924 16
456395084 10
10011111110111010001001100100 2
562770097 10
976043592 10
1B0ADF92 16
C6AFED8 16
546004278 10
1706045617 8
451969829 10
2113573364 8
27AD41B7 16
2047FBC1 16
86DF275 16
1710640064 8
D0B5296 16
1147746335 8
A4667C5 16
535007615 10
674543096 10
101101010110111011000001000111 2
101001110110101011101110000011 2
1C577BF3 16
833175996 10
2307667327 8
101100101100111111101000101000 2
1E3293DB 16
1110001100011101010111101100 2
430178476 10
707575273 8
101011011010110011110110011010 2
91058208 10
7231411576 8
616231217 10
14366C52 16
1613067021 8
3142654334 8
617329043 10
2213255453 8
1263247610 8
812454028 10
100001000010001110000100010001 2
111011001110110110110011111000 2
173806568 10
902457845 10
304894983 10
33CDDC07 16
1E48B61F 16
181115035 10
100000010001110001000110001001 2
766829125 10
10100110110010101101100111101 2
2D4E0C37 16
111111110101001001111110111 2
3653443366 8
3064024236 8
1100010000010101000000110011 2
110010111110101000001010100101 2
E300284 16
32B774FD 16
3040660617 8
2921E5B 16
11110000110111000110011111111 2
13E0A035 16
6264157657 8
2D6B4B7C 16
101111000000000001011011110111 2
1799D5BB 16
110000001001111101001100001101 2
32CE9329 16
10011000010001001000010001100 2
4E861D7 16
30067058 10
1001100011010101000001011001 2
515949553 10
282356872 10
2EF54B53 16
33170136 8
48717210 10
5571643701 8
878236225 10
44165736 8
626415176 8
7264600632 8
10F2E4F 16
400589144 10
30DFA71B 16
1EB4AA48 16
675016404 8
C143E48 16
589270511 10
3605354415 8
937591018 10
28AEEC35 16
100110101111101100100100111111 2
2226441254 8
5360152 8
10101010111001000001110100011 2
4606230125 8
888414902 10
3A20818 16
100111011111001001111100011110 2
2750D20 16
5732330257 8
12B77D39 16
18603425 16
110111110110111001001011110011 2
18B18867 16
764470572 8
2D3D14A2 16
100010101110001001101101001101 2
2E58277D 16
896719868 10
6603135767 8
100101111011110111001000001010 2
6324113250 8
841744528 10
2222757525 8
1E6D83DD 16
110110101100001110010101100001 2
81367329 10
5266125546 8
647119508 10
101010111100010000010100011001 2
7020104511 8
469850513 10
671575220 10
6332563421 8
10010110000010001110101101011 2
2A5A1A5F 16
34E5114A 16
3070E1F6 16
EFF24C4 16
968798116 10
5326771212 8
224093582 10
1658C39D 16
11010101000100001011100101111 2
10010100010000101111101011111 2
10100000000010011001100011010 2
1017243352 8
4401601557 8
816900025 10
101111111010001101110000110101 2
3AA03355 16
91608098 10
993390729 10
57386838 10
853100389 10
1110100111001011100100010111 2
1615250535 8
10000010100111011000101111000 2
4726323666 8
576910128 10
10111111110011100111100000100 2
1011000111011100000100111101 2
111001011110000010010111001001 2
231E9DFF 16
759729549 10
100101011101101101000111011 2
3074531024 8
6227120215 8
1110000011000010110011110110 2
33BD41D7 16
1111217641 8
110011110000111001110111001110 2
141503633 8
416486645 10
254C5B86 16
1F5AA245 16
5614066713 8
762425230 8
224C44F9 16
136110527 8
3233375073 8
4100453121 8
446264432 10
101110110110010110100101000010 2
421052277 10
110111101001001010001101011011 2
100001100111100001011111100001 2
110110000011001001101111111110 2
6732710202 8
110001010111101010000010100101 2
242325010 10
10111000100000001001011010 2
523952148 10
343A4AD7 16
111111111000010100111101011 2
5317273037 8
11101110101010110011010001000 2
242D7C55 16
645829655 10
6051067350 8
1416273410 8
757201505 10
1BF79793 16
6274002137 8
5753025501 8
158728E3 16
140367901 10
101100010100001001001011100000 2
227564714 10
384A932F 16
110001101111010000000000011101 2
780851541 10
2040225265 8
2FFC65B8 16
100110000110111100111011100001 2
1100010000100110011100100011 2
2563106452 8
111011000110100110011000010101 2
679505072 10
2709AA2E 16
2B42432F 16
907112801 10
7315655137 8
EECBF4 16
101111011011011011000010001110 2
635558502 10
2721675676 8
5007654530 8
10110001000001110100000110010 2
111001011101111001111010101011 2
7235066126 8
1100001111111001110000101001 2
6151473700 8
10110111001000000110000100010 2
682751767 10
891011866 10
571790731 10
687791721 10
851731385 10
110010000100101011000000101100 2
5356335421 8
536227314 10
3805EC90 16
176410732 10
408320490 10
5037760421 8
10111111100101001100010001000 2
585223334 10
1050731532 8
3744A194 16
28F5706F 16
474335552 8
4015317156 8
101000110110001100100110010000 2
199A586A 16
7144431277 8
2EB4FB7D 16
100100101101101100100011110011 2
993490860 10
1767712776 8
10001111010111100011101100110 2
11000010011110101100011000111 2
3601242540 8
118CA4C7 16
5264225131 8
100111000001011101101110010011 2
111011011011000100110100010011 2
100010000110110110111001110001 2
1011101100100011010011010000 2
11001001011110000000000001111 2
183C799C 16
3065157375 8
929719045 10
1111000011111110100100000111 2
254931802 10
6755446046 8
110100101110100001001001100110 2
146464132 8
BF61025 16
110010000110010001100000011111 2
353730340 10
10100101100010111011010111101 2
1001111100010011101001101010 2
6766215332 8
100110011111000001001011011 2
22E43FEE 16
518246473 10
100110110000110101111001010 2
404204617 8
2933DE6F 16
385385035 10
2661515460 8
2730117530 8
389A96F1 16
284663468 10
6870 16
311623BE 16
1110100011011001010110101101 2
865909228 10
101000011010100011110101100101 2
7244404516 8
5501457022 8
1111022013 8
3890BF6 16
111010110011011001010101111100 2
5002037114 8
100101000011100100111101110 2
2555340207 8
97805097 10
111101110001000111011000100 2
5203310543 8
1575557103 8
2CED177A 16
3507606240 8
10000001110110110011001010111 2
17380713 10
101000011101000101001000001110 2
308081829 10
585068445 10
641479166 10
406172811 10
492884560 10
100100010011001111111011100110 2
721514433 10
80573999 10
364E9272 16
3607261756 8
713481141 10
541657426 10
1569E3B6 16
1032565632 8
753524425 8
24F28709 16
6120270453 8
70079301 10
A5A9E1F 16
2130125230 8
21049CDB 16
723706730 10
101111010101100011001110111001 2
1001101010111100110011011111 2
1471521137 8
210832593 10
110100011111000010000011100001 2
4765072644 8
989721351 10
110000110001010011100001100100 2
327465812 10
3572015253 8
2320253370 8
105375DF 16
1088ED71 16
524412017 8
EC0E803 16
266942171 10
24F6C7F7 16
1101000110000101111100101011 2
5626662500 8
870118077 10
100010001110100101010010000101 2
657223162 8
16870CB9 16
186972150 10
289039107 10
338854740 10
11010101011110111010001001110 2
537857756 10
215D9D3 16
1100101010011000001010100001 2
6516630224 8
6050616754 8
21BD836 16
1000000000110011000010100011 2
919383292 10
2A079264 16
3505105163 8
7253743106 8
110001001110100000101011010 2
7064223532 8
1C8F239E 16
1678DBC2 16
28D641CD 16
100100101011101001000110100100 2
3142720101 8
1332740522 8
11111010110101010101000110100 2
297D3DC4 16
330825443 10
10110101100100101101010001010 2
110011101001011110110010101000 2
642399286 10
848915910 10
5271452326 8
100110000000010100000001111 2
644896948 10
767B683 16
10010110011110000010010010101 2
1125BB27 16
6363151171 8
807341592 10
11001011010000000011101100011 2
110000111111101100111001100110 2
5070243113 8
685463709 10
416596371 10
3733704661 8
19F03ED4 16
10011101101111001011011010100 2
1001111001000001100000011101 2
C31D693 16
2BE49958 16
2FA50B7 16
310172046 10
3562052404 8
1B0FE3DE 16
11000100111001001010000110010 2
110001010010010111101100010100 2
3423462660 8
110110111110101011010000000010 2
1150207402 8
505465965 10
101000000000101010100011011000 2
23273AB8 16
2DF9C3B6 16
11010100000111011110010111110 2
6461022556 8
775886263 10
3052224274 8
66878935 10
11001110111010011000010111101 2
6FD4474 16
100111011101110001100011011001 2
101110101100101011110001010110 2
147754688 10
398C727D 16
100101001001001111110110101000 2
1636344220 8
311354652 8
594814977 10
10927552 10
2DF4F6D1 16
1774750374 8
2261305067 8
188268708 10
361CFA68 16
4171715303 8
10100010100000011011011110011 2
110110101001011111010111101000 2
19673D4E 16
DDE0D04 16
4044670730 8
1DEFB62B 16
100111001110011101110011000011 2
4104151410 8
3B7B1B55 16
3713221325 8
1614D29F 16
111000110101101111101100010011 2
3BA6A98 16
821449137 10
375367B 16
10110001000101100101000111011 2
101101101111011110010110101111 2
5135623576 8
1110010011010001111011001 2
1121103167 8
980897429 10
10011010001101000000110101010 2
382307B6 16
26716697 16
5646457073 8
5AD8A69 16
798849029 10
11110110000110011001010110100 2
5DD0796 16
29496BB5 16
1110011001100000110000001110 2
F1E1708 16
26020488 16
38C87A0D 16
785042640 10
27F14AA0 16
417967166 10
47F0EEB 16
441409602 10
426606127 8
5317563470 8
555741138 10
10001100111010001011111101000 2
111000110111110110001100000 2
3673075570 8
A1D463 16
1971D39C 16
